{
 "cells": [
  {
   "cell_type": "markdown",
   "metadata": {},
   "source": [
    "### Loading features"
   ]
  },
  {
   "cell_type": "code",
   "execution_count": 2,
   "metadata": {
    "collapsed": false,
    "scrolled": false
   },
   "outputs": [
    {
     "name": "stdout",
     "output_type": "stream",
     "text": [
      "['O_Goals', 'O_Assists', 'O_Blocks', 'O_Shots']\n",
      "['Num', 'GNum', 'O_Shorthanded', 'TS_Goals', 'TS_Assists', 'TS_PlusMinus', 'TS_SoG', 'TS_Shot%', 'TS_ATOI', 'TS_iCF', 'TS_SATF', 'TS_SATA', 'TS_ZSO', 'TS_HIT', 'TS_BLK', 'TM_Goals', 'Opp_GA', 'Opp_SA', 'Opp_SV%']\n"
     ]
    }
   ],
   "source": [
    "import scraper\n",
    "import features\n",
    "import pandas as pd\n",
    "import numpy as np\n",
    "from IPython.core import display as ICD\n",
    "from sklearn.externals import joblib\n",
    "from sklearn.decomposition import PCA\n",
    "from matplotlib import pyplot as plt\n",
    "import IPython\n",
    "pd.options.display.max_columns = 999\n",
    "\n",
    "X = joblib.load('2015Skaters.p')\n",
    "X = X.sort_values(['DateTimestamp', 'GameName'])\n",
    "misc_cols = ['GameNum', 'Player', 'GameName', 'DateTimestamp']\n",
    "data = X.drop(misc_cols, axis=1)\n",
    "cols = data.columns.values\n",
    "outputs = [x for x in cols if \"O_\" in x]\n",
    "outputs.remove(\"O_Shorthanded\")\n",
    "features = [x for x in cols if x not in outputs]\n",
    "print(outputs)\n",
    "print(features)"
   ]
  },
  {
   "cell_type": "code",
   "execution_count": 3,
   "metadata": {
    "collapsed": false,
    "scrolled": true
   },
   "outputs": [
    {
     "name": "stderr",
     "output_type": "stream",
     "text": [
      "C:\\Anaconda3\\lib\\site-packages\\numpy\\lib\\function_base.py:3834: RuntimeWarning: Invalid value encountered in percentile\n",
      "  RuntimeWarning)\n"
     ]
    },
    {
     "data": {
      "text/html": [
       "<div>\n",
       "<table border=\"1\" class=\"dataframe\">\n",
       "  <thead>\n",
       "    <tr style=\"text-align: right;\">\n",
       "      <th></th>\n",
       "      <th>Num</th>\n",
       "      <th>GNum</th>\n",
       "      <th>O_Goals</th>\n",
       "      <th>O_Assists</th>\n",
       "      <th>O_Blocks</th>\n",
       "      <th>O_Shorthanded</th>\n",
       "      <th>O_Shots</th>\n",
       "      <th>TS_Goals</th>\n",
       "      <th>TS_Assists</th>\n",
       "      <th>TS_PlusMinus</th>\n",
       "      <th>TS_SoG</th>\n",
       "      <th>TS_Shot%</th>\n",
       "      <th>TS_ATOI</th>\n",
       "      <th>TS_iCF</th>\n",
       "      <th>TS_SATF</th>\n",
       "      <th>TS_SATA</th>\n",
       "      <th>TS_ZSO</th>\n",
       "      <th>TS_HIT</th>\n",
       "      <th>TS_BLK</th>\n",
       "      <th>TM_Goals</th>\n",
       "      <th>Opp_GA</th>\n",
       "      <th>Opp_SA</th>\n",
       "      <th>Opp_SV%</th>\n",
       "    </tr>\n",
       "  </thead>\n",
       "  <tbody>\n",
       "    <tr>\n",
       "      <th>count</th>\n",
       "      <td>22139.000000</td>\n",
       "      <td>22139.000000</td>\n",
       "      <td>22139.000000</td>\n",
       "      <td>22139.000000</td>\n",
       "      <td>22100.000000</td>\n",
       "      <td>22139.000000</td>\n",
       "      <td>22139.000000</td>\n",
       "      <td>22021.000000</td>\n",
       "      <td>22021.000000</td>\n",
       "      <td>22139.000000</td>\n",
       "      <td>22021.000000</td>\n",
       "      <td>22139.000000</td>\n",
       "      <td>22021.000000</td>\n",
       "      <td>22021.000000</td>\n",
       "      <td>22021.000000</td>\n",
       "      <td>22021.000000</td>\n",
       "      <td>22021.000000</td>\n",
       "      <td>22021.000000</td>\n",
       "      <td>22021.000000</td>\n",
       "      <td>22139.000000</td>\n",
       "      <td>21995.000000</td>\n",
       "      <td>21995.000000</td>\n",
       "      <td>21995.000000</td>\n",
       "    </tr>\n",
       "    <tr>\n",
       "      <th>mean</th>\n",
       "      <td>48.690772</td>\n",
       "      <td>32.030715</td>\n",
       "      <td>0.151678</td>\n",
       "      <td>0.253896</td>\n",
       "      <td>0.802443</td>\n",
       "      <td>0.009666</td>\n",
       "      <td>1.658250</td>\n",
       "      <td>0.145398</td>\n",
       "      <td>0.242931</td>\n",
       "      <td>0.228420</td>\n",
       "      <td>1.639112</td>\n",
       "      <td>0.081369</td>\n",
       "      <td>981.534475</td>\n",
       "      <td>3.049218</td>\n",
       "      <td>15.158558</td>\n",
       "      <td>14.609763</td>\n",
       "      <td>5.572974</td>\n",
       "      <td>1.321438</td>\n",
       "      <td>0.775066</td>\n",
       "      <td>2.678286</td>\n",
       "      <td>2.305852</td>\n",
       "      <td>27.626441</td>\n",
       "      <td>0.916103</td>\n",
       "    </tr>\n",
       "    <tr>\n",
       "      <th>std</th>\n",
       "      <td>18.388932</td>\n",
       "      <td>15.301096</td>\n",
       "      <td>0.403966</td>\n",
       "      <td>0.520249</td>\n",
       "      <td>1.104058</td>\n",
       "      <td>0.100575</td>\n",
       "      <td>1.519772</td>\n",
       "      <td>0.117516</td>\n",
       "      <td>0.159106</td>\n",
       "      <td>8.422712</td>\n",
       "      <td>0.741608</td>\n",
       "      <td>0.053071</td>\n",
       "      <td>242.787295</td>\n",
       "      <td>1.322693</td>\n",
       "      <td>5.043758</td>\n",
       "      <td>3.988569</td>\n",
       "      <td>2.327070</td>\n",
       "      <td>0.820039</td>\n",
       "      <td>0.573363</td>\n",
       "      <td>0.253923</td>\n",
       "      <td>0.319278</td>\n",
       "      <td>2.545760</td>\n",
       "      <td>0.013583</td>\n",
       "    </tr>\n",
       "    <tr>\n",
       "      <th>min</th>\n",
       "      <td>0.000000</td>\n",
       "      <td>0.000000</td>\n",
       "      <td>0.000000</td>\n",
       "      <td>0.000000</td>\n",
       "      <td>0.000000</td>\n",
       "      <td>0.000000</td>\n",
       "      <td>0.000000</td>\n",
       "      <td>0.000000</td>\n",
       "      <td>0.000000</td>\n",
       "      <td>-36.000000</td>\n",
       "      <td>0.000000</td>\n",
       "      <td>0.000000</td>\n",
       "      <td>105.000000</td>\n",
       "      <td>0.000000</td>\n",
       "      <td>0.000000</td>\n",
       "      <td>0.000000</td>\n",
       "      <td>0.000000</td>\n",
       "      <td>0.000000</td>\n",
       "      <td>0.000000</td>\n",
       "      <td>1.902439</td>\n",
       "      <td>0.000000</td>\n",
       "      <td>3.000000</td>\n",
       "      <td>0.666667</td>\n",
       "    </tr>\n",
       "    <tr>\n",
       "      <th>25%</th>\n",
       "      <td>40.000000</td>\n",
       "      <td>20.000000</td>\n",
       "      <td>0.000000</td>\n",
       "      <td>0.000000</td>\n",
       "      <td>NaN</td>\n",
       "      <td>0.000000</td>\n",
       "      <td>1.000000</td>\n",
       "      <td>NaN</td>\n",
       "      <td>NaN</td>\n",
       "      <td>-5.000000</td>\n",
       "      <td>NaN</td>\n",
       "      <td>0.044643</td>\n",
       "      <td>NaN</td>\n",
       "      <td>NaN</td>\n",
       "      <td>NaN</td>\n",
       "      <td>NaN</td>\n",
       "      <td>NaN</td>\n",
       "      <td>NaN</td>\n",
       "      <td>NaN</td>\n",
       "      <td>2.490909</td>\n",
       "      <td>NaN</td>\n",
       "      <td>NaN</td>\n",
       "      <td>NaN</td>\n",
       "    </tr>\n",
       "    <tr>\n",
       "      <th>50%</th>\n",
       "      <td>50.000000</td>\n",
       "      <td>32.000000</td>\n",
       "      <td>0.000000</td>\n",
       "      <td>0.000000</td>\n",
       "      <td>NaN</td>\n",
       "      <td>0.000000</td>\n",
       "      <td>1.000000</td>\n",
       "      <td>NaN</td>\n",
       "      <td>NaN</td>\n",
       "      <td>0.000000</td>\n",
       "      <td>NaN</td>\n",
       "      <td>0.079470</td>\n",
       "      <td>NaN</td>\n",
       "      <td>NaN</td>\n",
       "      <td>NaN</td>\n",
       "      <td>NaN</td>\n",
       "      <td>NaN</td>\n",
       "      <td>NaN</td>\n",
       "      <td>NaN</td>\n",
       "      <td>2.666667</td>\n",
       "      <td>NaN</td>\n",
       "      <td>NaN</td>\n",
       "      <td>NaN</td>\n",
       "    </tr>\n",
       "    <tr>\n",
       "      <th>75%</th>\n",
       "      <td>62.000000</td>\n",
       "      <td>43.000000</td>\n",
       "      <td>0.000000</td>\n",
       "      <td>0.000000</td>\n",
       "      <td>NaN</td>\n",
       "      <td>0.000000</td>\n",
       "      <td>2.000000</td>\n",
       "      <td>NaN</td>\n",
       "      <td>NaN</td>\n",
       "      <td>5.000000</td>\n",
       "      <td>NaN</td>\n",
       "      <td>0.115385</td>\n",
       "      <td>NaN</td>\n",
       "      <td>NaN</td>\n",
       "      <td>NaN</td>\n",
       "      <td>NaN</td>\n",
       "      <td>NaN</td>\n",
       "      <td>NaN</td>\n",
       "      <td>NaN</td>\n",
       "      <td>2.830769</td>\n",
       "      <td>NaN</td>\n",
       "      <td>NaN</td>\n",
       "      <td>NaN</td>\n",
       "    </tr>\n",
       "    <tr>\n",
       "      <th>max</th>\n",
       "      <td>83.000000</td>\n",
       "      <td>67.000000</td>\n",
       "      <td>4.000000</td>\n",
       "      <td>4.000000</td>\n",
       "      <td>10.000000</td>\n",
       "      <td>2.000000</td>\n",
       "      <td>11.000000</td>\n",
       "      <td>1.000000</td>\n",
       "      <td>1.333333</td>\n",
       "      <td>35.000000</td>\n",
       "      <td>7.000000</td>\n",
       "      <td>1.000000</td>\n",
       "      <td>1749.558824</td>\n",
       "      <td>10.285714</td>\n",
       "      <td>31.482759</td>\n",
       "      <td>27.723684</td>\n",
       "      <td>12.895522</td>\n",
       "      <td>8.000000</td>\n",
       "      <td>5.000000</td>\n",
       "      <td>3.441860</td>\n",
       "      <td>4.000000</td>\n",
       "      <td>34.000000</td>\n",
       "      <td>1.000000</td>\n",
       "    </tr>\n",
       "  </tbody>\n",
       "</table>\n",
       "</div>"
      ],
      "text/plain": [
       "                Num          GNum       O_Goals     O_Assists      O_Blocks  \\\n",
       "count  22139.000000  22139.000000  22139.000000  22139.000000  22100.000000   \n",
       "mean      48.690772     32.030715      0.151678      0.253896      0.802443   \n",
       "std       18.388932     15.301096      0.403966      0.520249      1.104058   \n",
       "min        0.000000      0.000000      0.000000      0.000000      0.000000   \n",
       "25%       40.000000     20.000000      0.000000      0.000000           NaN   \n",
       "50%       50.000000     32.000000      0.000000      0.000000           NaN   \n",
       "75%       62.000000     43.000000      0.000000      0.000000           NaN   \n",
       "max       83.000000     67.000000      4.000000      4.000000     10.000000   \n",
       "\n",
       "       O_Shorthanded       O_Shots      TS_Goals    TS_Assists  TS_PlusMinus  \\\n",
       "count   22139.000000  22139.000000  22021.000000  22021.000000  22139.000000   \n",
       "mean        0.009666      1.658250      0.145398      0.242931      0.228420   \n",
       "std         0.100575      1.519772      0.117516      0.159106      8.422712   \n",
       "min         0.000000      0.000000      0.000000      0.000000    -36.000000   \n",
       "25%         0.000000      1.000000           NaN           NaN     -5.000000   \n",
       "50%         0.000000      1.000000           NaN           NaN      0.000000   \n",
       "75%         0.000000      2.000000           NaN           NaN      5.000000   \n",
       "max         2.000000     11.000000      1.000000      1.333333     35.000000   \n",
       "\n",
       "             TS_SoG      TS_Shot%       TS_ATOI        TS_iCF       TS_SATF  \\\n",
       "count  22021.000000  22139.000000  22021.000000  22021.000000  22021.000000   \n",
       "mean       1.639112      0.081369    981.534475      3.049218     15.158558   \n",
       "std        0.741608      0.053071    242.787295      1.322693      5.043758   \n",
       "min        0.000000      0.000000    105.000000      0.000000      0.000000   \n",
       "25%             NaN      0.044643           NaN           NaN           NaN   \n",
       "50%             NaN      0.079470           NaN           NaN           NaN   \n",
       "75%             NaN      0.115385           NaN           NaN           NaN   \n",
       "max        7.000000      1.000000   1749.558824     10.285714     31.482759   \n",
       "\n",
       "            TS_SATA        TS_ZSO        TS_HIT        TS_BLK      TM_Goals  \\\n",
       "count  22021.000000  22021.000000  22021.000000  22021.000000  22139.000000   \n",
       "mean      14.609763      5.572974      1.321438      0.775066      2.678286   \n",
       "std        3.988569      2.327070      0.820039      0.573363      0.253923   \n",
       "min        0.000000      0.000000      0.000000      0.000000      1.902439   \n",
       "25%             NaN           NaN           NaN           NaN      2.490909   \n",
       "50%             NaN           NaN           NaN           NaN      2.666667   \n",
       "75%             NaN           NaN           NaN           NaN      2.830769   \n",
       "max       27.723684     12.895522      8.000000      5.000000      3.441860   \n",
       "\n",
       "             Opp_GA        Opp_SA       Opp_SV%  \n",
       "count  21995.000000  21995.000000  21995.000000  \n",
       "mean       2.305852     27.626441      0.916103  \n",
       "std        0.319278      2.545760      0.013583  \n",
       "min        0.000000      3.000000      0.666667  \n",
       "25%             NaN           NaN           NaN  \n",
       "50%             NaN           NaN           NaN  \n",
       "75%             NaN           NaN           NaN  \n",
       "max        4.000000     34.000000      1.000000  "
      ]
     },
     "metadata": {},
     "output_type": "display_data"
    }
   ],
   "source": [
    "ICD.display(data.describe())"
   ]
  },
  {
   "cell_type": "markdown",
   "metadata": {},
   "source": [
    "### Histogram of outputs"
   ]
  },
  {
   "cell_type": "code",
   "execution_count": 4,
   "metadata": {
    "collapsed": false
   },
   "outputs": [],
   "source": [
    "bins = [5, 5, 8, 10]\n",
    "for binc, output in zip(bins, outputs):\n",
    "    plt.hist(data[output], bins=binc, range=[0,binc])\n",
    "    plt.title(output)\n",
    "    plt.xlabel(output.replace(\"O_\", \"\") + \" in a game\")\n",
    "    plt.ylabel('Frequency in 2015')\n",
    "    plt.show()"
   ]
  },
  {
   "cell_type": "markdown",
   "metadata": {},
   "source": [
    "### Scatter plots of individual features vs. outputs"
   ]
  },
  {
   "cell_type": "code",
   "execution_count": 5,
   "metadata": {
    "collapsed": false
   },
   "outputs": [],
   "source": [
    "for output in outputs:\n",
    "    for feature in features:\n",
    "        X.plot.scatter(x=feature, y=output)\n",
    "        plt.title(feature + \" vs. \" + output)\n",
    "        plt.xlabel(feature)\n",
    "        plt.ylabel(output)\n",
    "        plt.show()"
   ]
  },
  {
   "cell_type": "markdown",
   "metadata": {},
   "source": [
    "### Get just numerical data and show covariance"
   ]
  },
  {
   "cell_type": "code",
   "execution_count": 11,
   "metadata": {
    "collapsed": false
   },
   "outputs": [
    {
     "data": {
      "application/javascript": [
       "IPython.OutputArea.auto_scroll_threshold = 9999;"
      ],
      "text/plain": [
       "<IPython.core.display.Javascript object>"
      ]
     },
     "metadata": {},
     "output_type": "display_data"
    }
   ],
   "source": [
    "%%javascript\n",
    "IPython.OutputArea.auto_scroll_threshold = 9999;"
   ]
  },
  {
   "cell_type": "code",
   "execution_count": 13,
   "metadata": {
    "collapsed": false
   },
   "outputs": [
    {
     "data": {
      "text/html": [
       "<div>\n",
       "<table border=\"1\" class=\"dataframe\">\n",
       "  <thead>\n",
       "    <tr style=\"text-align: right;\">\n",
       "      <th></th>\n",
       "      <th>O_Goals</th>\n",
       "      <th>O_Assists</th>\n",
       "      <th>O_Blocks</th>\n",
       "      <th>O_Shorthanded</th>\n",
       "      <th>O_Shots</th>\n",
       "      <th>TS_Goals</th>\n",
       "      <th>TS_Assists</th>\n",
       "      <th>TS_PlusMinus</th>\n",
       "      <th>TS_SoG</th>\n",
       "      <th>TS_Shot%</th>\n",
       "      <th>TS_ATOI</th>\n",
       "      <th>TS_iCF</th>\n",
       "      <th>TS_SATF</th>\n",
       "      <th>TS_SATA</th>\n",
       "      <th>TS_ZSO</th>\n",
       "      <th>TS_HIT</th>\n",
       "      <th>TS_BLK</th>\n",
       "      <th>TM_Goals</th>\n",
       "      <th>Opp_GA</th>\n",
       "      <th>Opp_SA</th>\n",
       "      <th>Opp_SV%</th>\n",
       "    </tr>\n",
       "  </thead>\n",
       "  <tbody>\n",
       "    <tr>\n",
       "      <th>O_Goals</th>\n",
       "      <td>1.000000</td>\n",
       "      <td>0.043077</td>\n",
       "      <td>-0.053794</td>\n",
       "      <td>0.119565</td>\n",
       "      <td>0.350267</td>\n",
       "      <td>0.214801</td>\n",
       "      <td>0.145400</td>\n",
       "      <td>0.036787</td>\n",
       "      <td>0.200977</td>\n",
       "      <td>0.136067</td>\n",
       "      <td>0.054790</td>\n",
       "      <td>0.172646</td>\n",
       "      <td>0.122930</td>\n",
       "      <td>-0.001485</td>\n",
       "      <td>0.136454</td>\n",
       "      <td>-0.037596</td>\n",
       "      <td>-0.105300</td>\n",
       "      <td>0.007347</td>\n",
       "      <td>0.003090</td>\n",
       "      <td>-0.009523</td>\n",
       "      <td>-0.012882</td>\n",
       "    </tr>\n",
       "    <tr>\n",
       "      <th>O_Assists</th>\n",
       "      <td>0.043077</td>\n",
       "      <td>1.000000</td>\n",
       "      <td>0.014193</td>\n",
       "      <td>0.090358</td>\n",
       "      <td>0.111461</td>\n",
       "      <td>0.166266</td>\n",
       "      <td>0.232832</td>\n",
       "      <td>0.049193</td>\n",
       "      <td>0.187794</td>\n",
       "      <td>0.091794</td>\n",
       "      <td>0.176544</td>\n",
       "      <td>0.191732</td>\n",
       "      <td>0.227249</td>\n",
       "      <td>0.102639</td>\n",
       "      <td>0.230004</td>\n",
       "      <td>-0.083497</td>\n",
       "      <td>0.005629</td>\n",
       "      <td>0.009719</td>\n",
       "      <td>0.005350</td>\n",
       "      <td>-0.011934</td>\n",
       "      <td>-0.017385</td>\n",
       "    </tr>\n",
       "    <tr>\n",
       "      <th>O_Blocks</th>\n",
       "      <td>-0.053794</td>\n",
       "      <td>0.014193</td>\n",
       "      <td>1.000000</td>\n",
       "      <td>-0.004366</td>\n",
       "      <td>-0.044918</td>\n",
       "      <td>-0.188907</td>\n",
       "      <td>0.005055</td>\n",
       "      <td>0.039983</td>\n",
       "      <td>-0.086539</td>\n",
       "      <td>-0.197318</td>\n",
       "      <td>0.317886</td>\n",
       "      <td>0.017022</td>\n",
       "      <td>0.167596</td>\n",
       "      <td>0.389984</td>\n",
       "      <td>0.100787</td>\n",
       "      <td>0.052127</td>\n",
       "      <td>0.495807</td>\n",
       "      <td>0.026618</td>\n",
       "      <td>0.013437</td>\n",
       "      <td>0.006596</td>\n",
       "      <td>-0.007136</td>\n",
       "    </tr>\n",
       "    <tr>\n",
       "      <th>O_Shorthanded</th>\n",
       "      <td>0.119565</td>\n",
       "      <td>0.090358</td>\n",
       "      <td>-0.004366</td>\n",
       "      <td>1.000000</td>\n",
       "      <td>0.041709</td>\n",
       "      <td>0.013958</td>\n",
       "      <td>0.011669</td>\n",
       "      <td>0.008431</td>\n",
       "      <td>0.013234</td>\n",
       "      <td>0.011046</td>\n",
       "      <td>0.018456</td>\n",
       "      <td>0.009570</td>\n",
       "      <td>0.009848</td>\n",
       "      <td>0.028292</td>\n",
       "      <td>0.001786</td>\n",
       "      <td>-0.017022</td>\n",
       "      <td>0.011431</td>\n",
       "      <td>0.010931</td>\n",
       "      <td>0.019105</td>\n",
       "      <td>0.007708</td>\n",
       "      <td>-0.010451</td>\n",
       "    </tr>\n",
       "    <tr>\n",
       "      <th>O_Shots</th>\n",
       "      <td>0.350267</td>\n",
       "      <td>0.111461</td>\n",
       "      <td>-0.044918</td>\n",
       "      <td>0.041709</td>\n",
       "      <td>1.000000</td>\n",
       "      <td>0.345427</td>\n",
       "      <td>0.301629</td>\n",
       "      <td>0.043592</td>\n",
       "      <td>0.435973</td>\n",
       "      <td>0.147468</td>\n",
       "      <td>0.216666</td>\n",
       "      <td>0.427549</td>\n",
       "      <td>0.322974</td>\n",
       "      <td>0.107484</td>\n",
       "      <td>0.331208</td>\n",
       "      <td>-0.062448</td>\n",
       "      <td>-0.069862</td>\n",
       "      <td>0.021118</td>\n",
       "      <td>0.029549</td>\n",
       "      <td>0.019618</td>\n",
       "      <td>-0.017285</td>\n",
       "    </tr>\n",
       "    <tr>\n",
       "      <th>TS_Goals</th>\n",
       "      <td>0.214801</td>\n",
       "      <td>0.166266</td>\n",
       "      <td>-0.188907</td>\n",
       "      <td>0.013958</td>\n",
       "      <td>0.345427</td>\n",
       "      <td>1.000000</td>\n",
       "      <td>0.539799</td>\n",
       "      <td>0.205504</td>\n",
       "      <td>0.748389</td>\n",
       "      <td>0.775458</td>\n",
       "      <td>0.247953</td>\n",
       "      <td>0.643849</td>\n",
       "      <td>0.471011</td>\n",
       "      <td>0.044331</td>\n",
       "      <td>0.539620</td>\n",
       "      <td>-0.172385</td>\n",
       "      <td>-0.339894</td>\n",
       "      <td>0.126796</td>\n",
       "      <td>0.000954</td>\n",
       "      <td>0.004883</td>\n",
       "      <td>0.002220</td>\n",
       "    </tr>\n",
       "    <tr>\n",
       "      <th>TS_Assists</th>\n",
       "      <td>0.145400</td>\n",
       "      <td>0.232832</td>\n",
       "      <td>0.005055</td>\n",
       "      <td>0.011669</td>\n",
       "      <td>0.301629</td>\n",
       "      <td>0.539799</td>\n",
       "      <td>1.000000</td>\n",
       "      <td>0.253254</td>\n",
       "      <td>0.618550</td>\n",
       "      <td>0.277945</td>\n",
       "      <td>0.598068</td>\n",
       "      <td>0.633614</td>\n",
       "      <td>0.750888</td>\n",
       "      <td>0.374527</td>\n",
       "      <td>0.769503</td>\n",
       "      <td>-0.269136</td>\n",
       "      <td>0.021828</td>\n",
       "      <td>0.155313</td>\n",
       "      <td>-0.000446</td>\n",
       "      <td>0.004648</td>\n",
       "      <td>0.004834</td>\n",
       "    </tr>\n",
       "    <tr>\n",
       "      <th>TS_PlusMinus</th>\n",
       "      <td>0.036787</td>\n",
       "      <td>0.049193</td>\n",
       "      <td>0.039983</td>\n",
       "      <td>0.008431</td>\n",
       "      <td>0.043592</td>\n",
       "      <td>0.205504</td>\n",
       "      <td>0.253254</td>\n",
       "      <td>1.000000</td>\n",
       "      <td>0.084839</td>\n",
       "      <td>0.184651</td>\n",
       "      <td>0.166885</td>\n",
       "      <td>0.096081</td>\n",
       "      <td>0.187203</td>\n",
       "      <td>0.094007</td>\n",
       "      <td>0.151725</td>\n",
       "      <td>-0.035592</td>\n",
       "      <td>0.091147</td>\n",
       "      <td>0.372402</td>\n",
       "      <td>-0.007496</td>\n",
       "      <td>0.005410</td>\n",
       "      <td>0.020269</td>\n",
       "    </tr>\n",
       "    <tr>\n",
       "      <th>TS_SoG</th>\n",
       "      <td>0.200977</td>\n",
       "      <td>0.187794</td>\n",
       "      <td>-0.086539</td>\n",
       "      <td>0.013234</td>\n",
       "      <td>0.435973</td>\n",
       "      <td>0.748389</td>\n",
       "      <td>0.618550</td>\n",
       "      <td>0.084839</td>\n",
       "      <td>1.000000</td>\n",
       "      <td>0.288448</td>\n",
       "      <td>0.469370</td>\n",
       "      <td>0.939503</td>\n",
       "      <td>0.696120</td>\n",
       "      <td>0.231724</td>\n",
       "      <td>0.704290</td>\n",
       "      <td>-0.140319</td>\n",
       "      <td>-0.148378</td>\n",
       "      <td>0.058146</td>\n",
       "      <td>0.004923</td>\n",
       "      <td>-0.000263</td>\n",
       "      <td>-0.002962</td>\n",
       "    </tr>\n",
       "    <tr>\n",
       "      <th>TS_Shot%</th>\n",
       "      <td>0.136067</td>\n",
       "      <td>0.091794</td>\n",
       "      <td>-0.197318</td>\n",
       "      <td>0.011046</td>\n",
       "      <td>0.147468</td>\n",
       "      <td>0.775458</td>\n",
       "      <td>0.277945</td>\n",
       "      <td>0.184651</td>\n",
       "      <td>0.288448</td>\n",
       "      <td>1.000000</td>\n",
       "      <td>-0.012357</td>\n",
       "      <td>0.183283</td>\n",
       "      <td>0.125912</td>\n",
       "      <td>-0.116723</td>\n",
       "      <td>0.199414</td>\n",
       "      <td>-0.124024</td>\n",
       "      <td>-0.366788</td>\n",
       "      <td>0.113737</td>\n",
       "      <td>-0.001508</td>\n",
       "      <td>0.007831</td>\n",
       "      <td>0.003893</td>\n",
       "    </tr>\n",
       "    <tr>\n",
       "      <th>TS_ATOI</th>\n",
       "      <td>0.054790</td>\n",
       "      <td>0.176544</td>\n",
       "      <td>0.317886</td>\n",
       "      <td>0.018456</td>\n",
       "      <td>0.216666</td>\n",
       "      <td>0.247953</td>\n",
       "      <td>0.598068</td>\n",
       "      <td>0.166885</td>\n",
       "      <td>0.469370</td>\n",
       "      <td>-0.012357</td>\n",
       "      <td>1.000000</td>\n",
       "      <td>0.611016</td>\n",
       "      <td>0.878446</td>\n",
       "      <td>0.892215</td>\n",
       "      <td>0.798294</td>\n",
       "      <td>-0.119446</td>\n",
       "      <td>0.601913</td>\n",
       "      <td>0.029543</td>\n",
       "      <td>0.007184</td>\n",
       "      <td>0.001856</td>\n",
       "      <td>-0.006690</td>\n",
       "    </tr>\n",
       "    <tr>\n",
       "      <th>TS_iCF</th>\n",
       "      <td>0.172646</td>\n",
       "      <td>0.191732</td>\n",
       "      <td>0.017022</td>\n",
       "      <td>0.009570</td>\n",
       "      <td>0.427549</td>\n",
       "      <td>0.643849</td>\n",
       "      <td>0.633614</td>\n",
       "      <td>0.096081</td>\n",
       "      <td>0.939503</td>\n",
       "      <td>0.183283</td>\n",
       "      <td>0.611016</td>\n",
       "      <td>1.000000</td>\n",
       "      <td>0.804830</td>\n",
       "      <td>0.375847</td>\n",
       "      <td>0.781898</td>\n",
       "      <td>-0.122672</td>\n",
       "      <td>0.040439</td>\n",
       "      <td>0.065459</td>\n",
       "      <td>0.003493</td>\n",
       "      <td>-0.002918</td>\n",
       "      <td>-0.001763</td>\n",
       "    </tr>\n",
       "    <tr>\n",
       "      <th>TS_SATF</th>\n",
       "      <td>0.122930</td>\n",
       "      <td>0.227249</td>\n",
       "      <td>0.167596</td>\n",
       "      <td>0.009848</td>\n",
       "      <td>0.322974</td>\n",
       "      <td>0.471011</td>\n",
       "      <td>0.750888</td>\n",
       "      <td>0.187203</td>\n",
       "      <td>0.696120</td>\n",
       "      <td>0.125912</td>\n",
       "      <td>0.878446</td>\n",
       "      <td>0.804830</td>\n",
       "      <td>1.000000</td>\n",
       "      <td>0.640412</td>\n",
       "      <td>0.937297</td>\n",
       "      <td>-0.175599</td>\n",
       "      <td>0.319805</td>\n",
       "      <td>0.085623</td>\n",
       "      <td>0.004071</td>\n",
       "      <td>-0.005823</td>\n",
       "      <td>-0.005287</td>\n",
       "    </tr>\n",
       "    <tr>\n",
       "      <th>TS_SATA</th>\n",
       "      <td>-0.001485</td>\n",
       "      <td>0.102639</td>\n",
       "      <td>0.389984</td>\n",
       "      <td>0.028292</td>\n",
       "      <td>0.107484</td>\n",
       "      <td>0.044331</td>\n",
       "      <td>0.374527</td>\n",
       "      <td>0.094007</td>\n",
       "      <td>0.231724</td>\n",
       "      <td>-0.116723</td>\n",
       "      <td>0.892215</td>\n",
       "      <td>0.375847</td>\n",
       "      <td>0.640412</td>\n",
       "      <td>1.000000</td>\n",
       "      <td>0.530482</td>\n",
       "      <td>-0.020389</td>\n",
       "      <td>0.752352</td>\n",
       "      <td>0.076840</td>\n",
       "      <td>0.004215</td>\n",
       "      <td>-0.005622</td>\n",
       "      <td>-0.010498</td>\n",
       "    </tr>\n",
       "    <tr>\n",
       "      <th>TS_ZSO</th>\n",
       "      <td>0.136454</td>\n",
       "      <td>0.230004</td>\n",
       "      <td>0.100787</td>\n",
       "      <td>0.001786</td>\n",
       "      <td>0.331208</td>\n",
       "      <td>0.539620</td>\n",
       "      <td>0.769503</td>\n",
       "      <td>0.151725</td>\n",
       "      <td>0.704290</td>\n",
       "      <td>0.199414</td>\n",
       "      <td>0.798294</td>\n",
       "      <td>0.781898</td>\n",
       "      <td>0.937297</td>\n",
       "      <td>0.530482</td>\n",
       "      <td>1.000000</td>\n",
       "      <td>-0.213673</td>\n",
       "      <td>0.198480</td>\n",
       "      <td>0.040333</td>\n",
       "      <td>0.008200</td>\n",
       "      <td>-0.001677</td>\n",
       "      <td>-0.009320</td>\n",
       "    </tr>\n",
       "    <tr>\n",
       "      <th>TS_HIT</th>\n",
       "      <td>-0.037596</td>\n",
       "      <td>-0.083497</td>\n",
       "      <td>0.052127</td>\n",
       "      <td>-0.017022</td>\n",
       "      <td>-0.062448</td>\n",
       "      <td>-0.172385</td>\n",
       "      <td>-0.269136</td>\n",
       "      <td>-0.035592</td>\n",
       "      <td>-0.140319</td>\n",
       "      <td>-0.124024</td>\n",
       "      <td>-0.119446</td>\n",
       "      <td>-0.122672</td>\n",
       "      <td>-0.175599</td>\n",
       "      <td>-0.020389</td>\n",
       "      <td>-0.213673</td>\n",
       "      <td>1.000000</td>\n",
       "      <td>0.095672</td>\n",
       "      <td>0.005281</td>\n",
       "      <td>-0.007768</td>\n",
       "      <td>-0.011449</td>\n",
       "      <td>-0.001976</td>\n",
       "    </tr>\n",
       "    <tr>\n",
       "      <th>TS_BLK</th>\n",
       "      <td>-0.105300</td>\n",
       "      <td>0.005629</td>\n",
       "      <td>0.495807</td>\n",
       "      <td>0.011431</td>\n",
       "      <td>-0.069862</td>\n",
       "      <td>-0.339894</td>\n",
       "      <td>0.021828</td>\n",
       "      <td>0.091147</td>\n",
       "      <td>-0.148378</td>\n",
       "      <td>-0.366788</td>\n",
       "      <td>0.601913</td>\n",
       "      <td>0.040439</td>\n",
       "      <td>0.319805</td>\n",
       "      <td>0.752352</td>\n",
       "      <td>0.198480</td>\n",
       "      <td>0.095672</td>\n",
       "      <td>1.000000</td>\n",
       "      <td>0.067857</td>\n",
       "      <td>-0.000693</td>\n",
       "      <td>-0.002886</td>\n",
       "      <td>-0.002607</td>\n",
       "    </tr>\n",
       "    <tr>\n",
       "      <th>TM_Goals</th>\n",
       "      <td>0.007347</td>\n",
       "      <td>0.009719</td>\n",
       "      <td>0.026618</td>\n",
       "      <td>0.010931</td>\n",
       "      <td>0.021118</td>\n",
       "      <td>0.126796</td>\n",
       "      <td>0.155313</td>\n",
       "      <td>0.372402</td>\n",
       "      <td>0.058146</td>\n",
       "      <td>0.113737</td>\n",
       "      <td>0.029543</td>\n",
       "      <td>0.065459</td>\n",
       "      <td>0.085623</td>\n",
       "      <td>0.076840</td>\n",
       "      <td>0.040333</td>\n",
       "      <td>0.005281</td>\n",
       "      <td>0.067857</td>\n",
       "      <td>1.000000</td>\n",
       "      <td>-0.042296</td>\n",
       "      <td>-0.005452</td>\n",
       "      <td>0.039662</td>\n",
       "    </tr>\n",
       "    <tr>\n",
       "      <th>Opp_GA</th>\n",
       "      <td>0.003090</td>\n",
       "      <td>0.005350</td>\n",
       "      <td>0.013437</td>\n",
       "      <td>0.019105</td>\n",
       "      <td>0.029549</td>\n",
       "      <td>0.000954</td>\n",
       "      <td>-0.000446</td>\n",
       "      <td>-0.007496</td>\n",
       "      <td>0.004923</td>\n",
       "      <td>-0.001508</td>\n",
       "      <td>0.007184</td>\n",
       "      <td>0.003493</td>\n",
       "      <td>0.004071</td>\n",
       "      <td>0.004215</td>\n",
       "      <td>0.008200</td>\n",
       "      <td>-0.007768</td>\n",
       "      <td>-0.000693</td>\n",
       "      <td>-0.042296</td>\n",
       "      <td>1.000000</td>\n",
       "      <td>0.382124</td>\n",
       "      <td>-0.607917</td>\n",
       "    </tr>\n",
       "    <tr>\n",
       "      <th>Opp_SA</th>\n",
       "      <td>-0.009523</td>\n",
       "      <td>-0.011934</td>\n",
       "      <td>0.006596</td>\n",
       "      <td>0.007708</td>\n",
       "      <td>0.019618</td>\n",
       "      <td>0.004883</td>\n",
       "      <td>0.004648</td>\n",
       "      <td>0.005410</td>\n",
       "      <td>-0.000263</td>\n",
       "      <td>0.007831</td>\n",
       "      <td>0.001856</td>\n",
       "      <td>-0.002918</td>\n",
       "      <td>-0.005823</td>\n",
       "      <td>-0.005622</td>\n",
       "      <td>-0.001677</td>\n",
       "      <td>-0.011449</td>\n",
       "      <td>-0.002886</td>\n",
       "      <td>-0.005452</td>\n",
       "      <td>0.382124</td>\n",
       "      <td>1.000000</td>\n",
       "      <td>0.344424</td>\n",
       "    </tr>\n",
       "    <tr>\n",
       "      <th>Opp_SV%</th>\n",
       "      <td>-0.012882</td>\n",
       "      <td>-0.017385</td>\n",
       "      <td>-0.007136</td>\n",
       "      <td>-0.010451</td>\n",
       "      <td>-0.017285</td>\n",
       "      <td>0.002220</td>\n",
       "      <td>0.004834</td>\n",
       "      <td>0.020269</td>\n",
       "      <td>-0.002962</td>\n",
       "      <td>0.003893</td>\n",
       "      <td>-0.006690</td>\n",
       "      <td>-0.001763</td>\n",
       "      <td>-0.005287</td>\n",
       "      <td>-0.010498</td>\n",
       "      <td>-0.009320</td>\n",
       "      <td>-0.001976</td>\n",
       "      <td>-0.002607</td>\n",
       "      <td>0.039662</td>\n",
       "      <td>-0.607917</td>\n",
       "      <td>0.344424</td>\n",
       "      <td>1.000000</td>\n",
       "    </tr>\n",
       "  </tbody>\n",
       "</table>\n",
       "</div>"
      ],
      "text/plain": [
       "                O_Goals  O_Assists  O_Blocks  O_Shorthanded   O_Shots  \\\n",
       "O_Goals        1.000000   0.043077 -0.053794       0.119565  0.350267   \n",
       "O_Assists      0.043077   1.000000  0.014193       0.090358  0.111461   \n",
       "O_Blocks      -0.053794   0.014193  1.000000      -0.004366 -0.044918   \n",
       "O_Shorthanded  0.119565   0.090358 -0.004366       1.000000  0.041709   \n",
       "O_Shots        0.350267   0.111461 -0.044918       0.041709  1.000000   \n",
       "TS_Goals       0.214801   0.166266 -0.188907       0.013958  0.345427   \n",
       "TS_Assists     0.145400   0.232832  0.005055       0.011669  0.301629   \n",
       "TS_PlusMinus   0.036787   0.049193  0.039983       0.008431  0.043592   \n",
       "TS_SoG         0.200977   0.187794 -0.086539       0.013234  0.435973   \n",
       "TS_Shot%       0.136067   0.091794 -0.197318       0.011046  0.147468   \n",
       "TS_ATOI        0.054790   0.176544  0.317886       0.018456  0.216666   \n",
       "TS_iCF         0.172646   0.191732  0.017022       0.009570  0.427549   \n",
       "TS_SATF        0.122930   0.227249  0.167596       0.009848  0.322974   \n",
       "TS_SATA       -0.001485   0.102639  0.389984       0.028292  0.107484   \n",
       "TS_ZSO         0.136454   0.230004  0.100787       0.001786  0.331208   \n",
       "TS_HIT        -0.037596  -0.083497  0.052127      -0.017022 -0.062448   \n",
       "TS_BLK        -0.105300   0.005629  0.495807       0.011431 -0.069862   \n",
       "TM_Goals       0.007347   0.009719  0.026618       0.010931  0.021118   \n",
       "Opp_GA         0.003090   0.005350  0.013437       0.019105  0.029549   \n",
       "Opp_SA        -0.009523  -0.011934  0.006596       0.007708  0.019618   \n",
       "Opp_SV%       -0.012882  -0.017385 -0.007136      -0.010451 -0.017285   \n",
       "\n",
       "               TS_Goals  TS_Assists  TS_PlusMinus    TS_SoG  TS_Shot%  \\\n",
       "O_Goals        0.214801    0.145400      0.036787  0.200977  0.136067   \n",
       "O_Assists      0.166266    0.232832      0.049193  0.187794  0.091794   \n",
       "O_Blocks      -0.188907    0.005055      0.039983 -0.086539 -0.197318   \n",
       "O_Shorthanded  0.013958    0.011669      0.008431  0.013234  0.011046   \n",
       "O_Shots        0.345427    0.301629      0.043592  0.435973  0.147468   \n",
       "TS_Goals       1.000000    0.539799      0.205504  0.748389  0.775458   \n",
       "TS_Assists     0.539799    1.000000      0.253254  0.618550  0.277945   \n",
       "TS_PlusMinus   0.205504    0.253254      1.000000  0.084839  0.184651   \n",
       "TS_SoG         0.748389    0.618550      0.084839  1.000000  0.288448   \n",
       "TS_Shot%       0.775458    0.277945      0.184651  0.288448  1.000000   \n",
       "TS_ATOI        0.247953    0.598068      0.166885  0.469370 -0.012357   \n",
       "TS_iCF         0.643849    0.633614      0.096081  0.939503  0.183283   \n",
       "TS_SATF        0.471011    0.750888      0.187203  0.696120  0.125912   \n",
       "TS_SATA        0.044331    0.374527      0.094007  0.231724 -0.116723   \n",
       "TS_ZSO         0.539620    0.769503      0.151725  0.704290  0.199414   \n",
       "TS_HIT        -0.172385   -0.269136     -0.035592 -0.140319 -0.124024   \n",
       "TS_BLK        -0.339894    0.021828      0.091147 -0.148378 -0.366788   \n",
       "TM_Goals       0.126796    0.155313      0.372402  0.058146  0.113737   \n",
       "Opp_GA         0.000954   -0.000446     -0.007496  0.004923 -0.001508   \n",
       "Opp_SA         0.004883    0.004648      0.005410 -0.000263  0.007831   \n",
       "Opp_SV%        0.002220    0.004834      0.020269 -0.002962  0.003893   \n",
       "\n",
       "                TS_ATOI    TS_iCF   TS_SATF   TS_SATA    TS_ZSO    TS_HIT  \\\n",
       "O_Goals        0.054790  0.172646  0.122930 -0.001485  0.136454 -0.037596   \n",
       "O_Assists      0.176544  0.191732  0.227249  0.102639  0.230004 -0.083497   \n",
       "O_Blocks       0.317886  0.017022  0.167596  0.389984  0.100787  0.052127   \n",
       "O_Shorthanded  0.018456  0.009570  0.009848  0.028292  0.001786 -0.017022   \n",
       "O_Shots        0.216666  0.427549  0.322974  0.107484  0.331208 -0.062448   \n",
       "TS_Goals       0.247953  0.643849  0.471011  0.044331  0.539620 -0.172385   \n",
       "TS_Assists     0.598068  0.633614  0.750888  0.374527  0.769503 -0.269136   \n",
       "TS_PlusMinus   0.166885  0.096081  0.187203  0.094007  0.151725 -0.035592   \n",
       "TS_SoG         0.469370  0.939503  0.696120  0.231724  0.704290 -0.140319   \n",
       "TS_Shot%      -0.012357  0.183283  0.125912 -0.116723  0.199414 -0.124024   \n",
       "TS_ATOI        1.000000  0.611016  0.878446  0.892215  0.798294 -0.119446   \n",
       "TS_iCF         0.611016  1.000000  0.804830  0.375847  0.781898 -0.122672   \n",
       "TS_SATF        0.878446  0.804830  1.000000  0.640412  0.937297 -0.175599   \n",
       "TS_SATA        0.892215  0.375847  0.640412  1.000000  0.530482 -0.020389   \n",
